109 0 27973 90785 40 0 37928 66277 39 0 22820 33874 9 
110 0 27602 19986 
111 0 26245 66425 40 0 28609 64756 40 0 28024 21913 10 
112 0 25363 52890 41 0 22599 52932 39 0 23169 29326 11 
113 0 23727 53736 39 0 23699 54590 40 0 23865 33590 10 
115 0 21744 17125 
116 0 21977 54634 39 0 23323 19540 
117 0 23073 55334 37 0 22889 162 
118 0 22849 34514 
119 0 22806 54913 41 0 22985 52662 43 0 23475 28806 10 
120 0 22109 34711 
121 0 23149 54511 39 0 23177 53812 39 0 23654 28941 11 
123 0 28733 65646 41 0 26612 65788 41 0 29802 33405 10 
124 0 27641 42886 
125 0 26907 66628 40 0 27910 67162 37 0 29115 36636 11 
126 0 27512 67259 40 0 27774 19764 
127 0 23315 53183 39 0 24482 55374 39 0 23750 36030 11 
128 0 23355 54664 40 0 23479 36684 
129 0 22512 17862 
130 0 23187 53600 42 0 22863 56723 40 0 24020 30810 10 
131 0 21982 36946 
132 0 22842 53441 40 0 23470 54355 39 0 23317 29361 10 
133 0 22469 52776 42 0 23008 54168 39 0 23086 31159 10 
135 0 19301 46167 41 0 20257 46069 37 0 19852 26119 10 
136 0 19540 45740 42 0 19817 46595 38 0 19864 27490 10 
138 0 19643 46494 41 0 19709 31362 
139 0 19720 46021 42 0 19612 46031 39 0 19493 25391 10 
140 0 19363 46158 40 0 19533 45011 38 0 19950 27210 10 
142 0 19367 45825 39 0 19844 14814 
143 0 19591 45533 38 0 19816 15248 
144 0 19391 46096 41 0 19390 14752 
145 0 19390 31300 
147 0 19334 45756 42 0 19480 46032 36 0 19455 28851 11 
148 0 19222 45632 38 0 19691 46075 39 0 19742 26403 10 
149 0 19495 30929 
150 0 19701 46277 40 0 19583 46087 38 0 19817 24914 9 
151 0 19402 15707 
152 0 19220 46043 39 0 19718 46197 39 0 19399 26589 11 
153 0 19695 45946 41 0 20044 46056 38 0 19520 27167 9 
154 0 19581 46358 41 0 19811 55210 40 0 22835 28386 10 
155 0 22427 18490 
156 0 22465 52198 39 0 22454 52793 38 0 23074 30275 11 
158 0 19331 15567 
159 0 19733 46191 40 0 19875 45704 38 0 19728 28365 10 
160 0 19422 13802 
162 0 19483 14383 
163 0 19644 45840 39 0 20042 31284 
164 0 19555 46323 40 0 19401 14580 
165 0 19470 46199 40 0 19680 46307 37 0 19753 25741 10 
167 0 21680 51708 39 0 21773 18086 
168 0 21869 51614 41 0 22013 52244 39 0 19663 26367 10 
169 0 19644 46128 40 0 19233 45942 39 0 19304 31512 
170 0 19202 46002 41 0 19942 45490 38 0 19555 26375 11 
171 0 19257 46165 41 0 19759 31415 
172 0 19449 31020 
173 0 19539 14755 
174 0 20243 45863 41 0 19998 46700 39 0 19339 27655 11 
175 0 19524 46080 42 0 19763 31566 
176 0 19599 15199 
177 0 19347 30661 
178 0 19226 15205 
179 0 19197 46322 39 0 20008 46238 42 0 19582 26448 11 
180 0 19636 46335 40 0 20538 58763 38 0 24431 30102 9 
181 0 23992 57579 40 0 24496 55687 39 0 25601 32939 10 
182 0 24708 17792 
183 0 24230 54890 39 0 24279 40273 
184 0 24196 60734 40 0 23100 38494 
185 0 22854 64299 40 0 24533 53414 40 0 23996 19604 10 
186 0 28021 39313 
187 0 26067 54245 40 0 24466 16928 
188 0 22956 54498 42 0 23417 19454 
189 0 25521 56354 41 0 22568 53998 38 0 25242 34533 11 
190 0 24345 54027 40 0 22736 19414 
191 0 22434 55555 41 0 23774 58393 36 0 22932 31727 10 
192 0 22543 53522 37 0 24154 54753 36 0 25024 33379 10 
193 0 24563 38703 
194 0 27997 18969 
195 0 23157 58336 42 0 24863 19969 
196 0 22514 53975 41 0 23042 54931 40 0 23820 17777 10 
198 0 23529 59280 40 0 27510 57789 39 0 23802 34796 10 
199 0 23077 58138 41 0 26454 39741 
200 0 27910 70235 40 0 28657 60666 39 0 28482 33649 10 
201 0 23566 62909 39 0 26959 65645 38 0 28543 32475 9 
202 0 23405 54758 40 0 23247 58882 41 0 24831 20608 9 
203 0 23582 56003 41 0 23478 38162 
204 0 23469 53072 39 0 23139 54170 41 0 22916 32637 11 
205 0 22290 54026 42 0 23193 50988 40 0 19741 26382 10 
206 0 19252 45944 42 0 19422 46116 41 0 19759 25053 10 
207 0 19362 30941 
208 0 19503 45504 38 0 20047 130 
209 0 19320 47131 42 0 19848 46123 39 0 19712 26514 11 
210 0 19407 31212 
211 0 19389 45914 41 0 19832 46858 40 0 19677 26463 10 
212 0 19357 15342 
213 0 19311 45696 40 0 19228 15183 
214 0 19793 46086 41 0 19912 31113 
215 0 19270 45887 38 0 19889 30749 
217 0 19139 45598 40 0 20419 46134 37 0 19600 25236 10 
218 0 19267 45718 41 0 19885 46718 37 0 19457 15660 10 
219 0 19546 46057 41 0 19700 15382 
221 0 19429 45645 41 0 20826 46563 38 0 19520 24807 10 
