114 0 22239 53330 40 0 23410 56522 39 0 23316 53098 21 0 22130 30347 11 
122 0 22479 52146 40 0 23189 54246 39 0 23704 55548 21 0 29066 35166 10 
134 0 22782 52922 42 0 23476 46122 37 0 19893 46557 20 0 19613 25886 10 
137 0 19249 46163 40 0 19521 46393 39 0 19642 45464 21 0 19840 25514 11 
141 0 19469 46029 40 0 20010 46660 39 0 19334 45585 22 0 19980 26518 10 
146 0 19336 45758 40 0 20043 46023 37 0 19512 30826 21 0 19578 24686 10 
157 0 19507 46175 40 0 19593 46192 40 0 19689 46599 24 0 19548 25343 10 
161 0 19338 45823 41 0 19729 46207 40 0 19642 46372 21 0 19816 26175 10 
166 0 19563 45991 37 0 19729 46518 39 0 19627 49015 22 0 22307 30061 10 
197 0 22581 53066 42 0 23346 46283 37 0 24270 37629 22 0 23531 34182 11 
216 0 19408 46563 40 0 19757 45325 38 0 19566 46235 23 0 19758 27260 10 
220 0 19475 46157 41 0 20042 47153 38 0 19662 46189 23 0 19676 26768 11 
222 0 19363 46560 41 0 19651 46528 40 0 19660 46435 23 0 19549 26027 11 
