101 0 29365 73503 38 28 30556 12046 5 25 31227 24579 7 14 31077 19532 6 13 38349 35538 13 3 33931 26441 7 1 30917 22436 8 
102 0 35045 75064 38 29 29176 12947 6 25 31350 21139 6 14 32152 23732 6 13 34405 31137 14 4 35082 29768 7 1 30615 12663 7 
103 0 31814 74146 39 30 32479 14879 7 27 32774 21735 6 15 33187 24881 6 14 32437 28959 14 3 32740 28398 8 0 30771 22516 8 
107 0 27172 71580 39 30 39097 14639 6 26 30043 21424 7 15 28253 24032 7 14 33874 26676 14 5 31013 26097 7 1 28641 18968 9 
108 0 28066 69831 41 32 35659 20424 7 29 34907 17701 5 17 35352 26733 6 15 30984 26320 14 4 30328 28337 8 1 35544 15692 6 
109 0 34251 88651 40 31 29118 12839 6 28 27884 20187 6 16 28370 21851 7 15 27592 24670 14 5 28751 26015 7 1 28451 9024 5 
114 0 27223 67257 40 30 29091 12938 6 26 29520 22843 9 15 32642 23384 6 14 30278 28768 14 5 31339 23344 7 1 30367 7213 6 
116 0 30753 71075 39 30 29800 14601 7 26 25206 17267 6 15 35228 20621 6 14 30889 23105 15 3 27802 20307 7 1 33448 19403 7 
121 0 29761 67719 39 29 36570 15900 7 26 30175 22067 7 16 31531 13772 4 14 35991 34603 13 4 35328 28143 7 1 39889 16136 7 
125 0 28979 73310 40 30 29704 13273 5 27 28421 23543 7 15 32738 18863 6 14 28476 24740 13 4 29515 24319 8 1 29510 24187 8 
130 0 34761 88992 42 32 40015 21793 7 28 29489 17198 6 16 32149 16373 5 15 29768 27806 14 4 29478 14085 7 1 29878 21502 9 
135 0 26050 63240 41 31 27123 10778 5 27 27379 20126 9 15 27356 22678 7 14 26738 24646 14 4 27574 23340 8 1 27286 19557 7 
138 0 26655 63382 41 31 27350 13198 6 28 26924 19971 8 16 26764 20458 8 15 27100 24462 13 4 27459 24706 8 1 28289 13077 6 
139 0 27004 62729 42 33 26663 15345 6 29 27316 19213 6 17 26552 14826 4 15 26937 23570 14 3 27337 18016 7 1 26582 18102 7 
140 0 26125 66031 40 31 28601 12689 6 27 28433 21755 9 15 29453 20708 6 14 28797 25967 14 4 27960 24090 8 2 27468 12634 6 
