104 0 36097 73224 40 31 35200 15949 6 29 34760 26801 7 4 35035 33926 7 1 36085 21230 8 
105 0 29162 47478 
106 0 30799 70022 39 30 29419 13624 6 26 29562 18641 5 4 28422 17904 8 1 29495 14009 7 
110 0 28544 21132 
111 0 26883 69213 40 31 34804 15467 6 28 30709 20365 5 5 28684 24757 7 2 31490 20702 7 
112 0 31354 79794 41 31 37128 15978 7 28 33192 25063 6 17 30740 18646 6 15 29365 26678 14 4 29732 21766 8 2 29542 3950 2 1 28949 21389 10 
113 0 27123 66312 39 30 31164 12063 6 26 31183 18358 6 4 29615 25859 6 1 30320 11310 6 
115 0 31488 27209 
117 0 25859 73466 37 28 32720 190 
118 0 33571 48582 
119 0 29040 72317 41 32 33172 68469 7 28 43605 22703 10 4 29387 24765 7 1 32688 13457 7 
120 0 26861 43332 
122 0 33617 75657 40 30 40950 15865 6 27 37411 24690 7 3 36388 28874 8 0 32802 19475 6 
123 0 31710 88776 41 32 140287 16431 6 29 31000 18678 6 3 29406 19528 6 1 28267 12443 6 
124 0 27313 48940 
126 0 25469 58473 40 30 24952 11824 7 27 24019 18009 8 2 24202 14546 6 0 24074 18181 8 
127 0 24173 57338 39 31 25179 12102 5 27 24361 14355 5 4 24271 15499 6 1 30061 7215 4 0 37085 12737 3 
128 0 46417 130267 40 31 33548 15170 5 28 35574 23551 7 5 35947 26252 7 1 35698 11054 6 
129 0 35649 25318 
131 0 27667 44220 
132 0 28182 68404 40 32 28910 14534 6 28 27991 18877 7 3 29227 25376 8 1 28914 16938 7 
133 0 28489 68247 42 33 28420 15032 6 28 28922 16246 6 4 29613 23965 8 1 29031 9757 5 
134 0 29000 66560 42 33 28590 13801 6 29 27119 19761 7 5 27021 24036 7 2 27472 18720 8 
136 0 26600 62500 42 33 27921 12918 6 29 26793 20351 9 5 29596 21514 7 1 26964 21180 9 
137 0 26140 58100 40 32 24107 13368 6 28 26711 19691 9 3 28030 22942 7 1 27731 19539 8 
